name
org.apache.commons.lang3.time$FastDateFormat#FastDateFormat(java.lang.String,java.util.TimeZone,java.util.Locale):535
org.apache.commons.lang3.time$FastDateFormat#FastDateFormat(java.lang.String,java.util.TimeZone,java.util.Locale):536
org.apache.commons.lang3.time$FastDateFormat#FastDateFormat(java.lang.String,java.util.TimeZone,java.util.Locale):537
org.apache.commons.lang3.time$FastDateFormat#FastDateFormat(java.lang.String,java.util.TimeZone,java.util.Locale):539
org.apache.commons.lang3.time$FastDateFormat#FastDateFormat(java.lang.String,java.util.TimeZone,java.util.Locale):541
org.apache.commons.lang3.time$FastDateFormat#FastDateFormat(java.lang.String,java.util.TimeZone,java.util.Locale):542
org.apache.commons.lang3.time$FastDateFormat#FastDateFormat(java.lang.String,java.util.TimeZone,java.util.Locale):543
org.apache.commons.lang3.time$FastDateFormat#FastDateFormat(java.lang.String,java.util.TimeZone,java.util.Locale):545
org.apache.commons.lang3.time$FastDateFormat#FastDateFormat(java.lang.String,java.util.TimeZone,java.util.Locale):547
org.apache.commons.lang3.time$FastDateFormat#FastDateFormat(java.lang.String,java.util.TimeZone,java.util.Locale):548
org.apache.commons.lang3.time$FastDateFormat#FastDateFormat(java.lang.String,java.util.TimeZone,java.util.Locale):549
org.apache.commons.lang3.time$FastDateFormat#FastDateFormat(java.lang.String,java.util.TimeZone,java.util.Locale):551
org.apache.commons.lang3.time$FastDateFormat#FastDateFormat(java.lang.String,java.util.TimeZone,java.util.Locale):552
org.apache.commons.lang3.time$FastDateFormat#<clinit>():111
org.apache.commons.lang3.time$FastDateFormat#<clinit>():112
org.apache.commons.lang3.time$FastDateFormat#<clinit>():113
org.apache.commons.lang3.time$FastDateFormat#<clinit>():114
org.apache.commons.lang3.time$FastDateFormat#<clinit>():115
org.apache.commons.lang3.time$FastDateFormat#getInstance():154
org.apache.commons.lang3.time$FastDateFormat#getInstance(java.lang.String):167
org.apache.commons.lang3.time$FastDateFormat#getInstance(java.lang.String,java.util.TimeZone):182
org.apache.commons.lang3.time$FastDateFormat#getInstance(java.lang.String,java.util.Locale):196
org.apache.commons.lang3.time$FastDateFormat#getInstance(java.lang.String,java.util.TimeZone,java.util.Locale):213
org.apache.commons.lang3.time$FastDateFormat#getInstance(java.lang.String,java.util.TimeZone,java.util.Locale):214
org.apache.commons.lang3.time$FastDateFormat#getInstance(java.lang.String,java.util.TimeZone,java.util.Locale):215
org.apache.commons.lang3.time$FastDateFormat#getInstance(java.lang.String,java.util.TimeZone,java.util.Locale):216
org.apache.commons.lang3.time$FastDateFormat#getInstance(java.lang.String,java.util.TimeZone,java.util.Locale):217
org.apache.commons.lang3.time$FastDateFormat#getInstance(java.lang.String,java.util.TimeZone,java.util.Locale):218
org.apache.commons.lang3.time$FastDateFormat#getInstance(java.lang.String,java.util.TimeZone,java.util.Locale):220
org.apache.commons.lang3.time$FastDateFormat#getDateInstance(int):235
org.apache.commons.lang3.time$FastDateFormat#getDateInstance(int,java.util.Locale):250
org.apache.commons.lang3.time$FastDateFormat#getDateInstance(int,java.util.TimeZone):266
org.apache.commons.lang3.time$FastDateFormat#getDateInstance(int,java.util.TimeZone,java.util.Locale):281
org.apache.commons.lang3.time$FastDateFormat#getDateInstance(int,java.util.TimeZone,java.util.Locale):282
org.apache.commons.lang3.time$FastDateFormat#getDateInstance(int,java.util.TimeZone,java.util.Locale):283
org.apache.commons.lang3.time$FastDateFormat#getDateInstance(int,java.util.TimeZone,java.util.Locale):286
org.apache.commons.lang3.time$FastDateFormat#getDateInstance(int,java.util.TimeZone,java.util.Locale):287
org.apache.commons.lang3.time$FastDateFormat#getDateInstance(int,java.util.TimeZone,java.util.Locale):290
org.apache.commons.lang3.time$FastDateFormat#getDateInstance(int,java.util.TimeZone,java.util.Locale):292
org.apache.commons.lang3.time$FastDateFormat#getDateInstance(int,java.util.TimeZone,java.util.Locale):293
org.apache.commons.lang3.time$FastDateFormat#getDateInstance(int,java.util.TimeZone,java.util.Locale):295
org.apache.commons.lang3.time$FastDateFormat#getDateInstance(int,java.util.TimeZone,java.util.Locale):296
org.apache.commons.lang3.time$FastDateFormat#getDateInstance(int,java.util.TimeZone,java.util.Locale):297
org.apache.commons.lang3.time$FastDateFormat#getDateInstance(int,java.util.TimeZone,java.util.Locale):298
org.apache.commons.lang3.time$FastDateFormat#getDateInstance(int,java.util.TimeZone,java.util.Locale):302
org.apache.commons.lang3.time$FastDateFormat#getDateInstance(int,java.util.TimeZone,java.util.Locale):300
org.apache.commons.lang3.time$FastDateFormat#getDateInstance(int,java.util.TimeZone,java.util.Locale):301
org.apache.commons.lang3.time$FastDateFormat#getDateInstance(int,java.util.TimeZone,java.util.Locale):304
org.apache.commons.lang3.time$FastDateFormat#getTimeInstance(int):319
org.apache.commons.lang3.time$FastDateFormat#getTimeInstance(int,java.util.Locale):334
org.apache.commons.lang3.time$FastDateFormat#getTimeInstance(int,java.util.TimeZone):350
org.apache.commons.lang3.time$FastDateFormat#getTimeInstance(int,java.util.TimeZone,java.util.Locale):366
org.apache.commons.lang3.time$FastDateFormat#getTimeInstance(int,java.util.TimeZone,java.util.Locale):367
org.apache.commons.lang3.time$FastDateFormat#getTimeInstance(int,java.util.TimeZone,java.util.Locale):368
org.apache.commons.lang3.time$FastDateFormat#getTimeInstance(int,java.util.TimeZone,java.util.Locale):370
org.apache.commons.lang3.time$FastDateFormat#getTimeInstance(int,java.util.TimeZone,java.util.Locale):371
org.apache.commons.lang3.time$FastDateFormat#getTimeInstance(int,java.util.TimeZone,java.util.Locale):374
org.apache.commons.lang3.time$FastDateFormat#getTimeInstance(int,java.util.TimeZone,java.util.Locale):375
org.apache.commons.lang3.time$FastDateFormat#getTimeInstance(int,java.util.TimeZone,java.util.Locale):376
org.apache.commons.lang3.time$FastDateFormat#getTimeInstance(int,java.util.TimeZone,java.util.Locale):377
org.apache.commons.lang3.time$FastDateFormat#getTimeInstance(int,java.util.TimeZone,java.util.Locale):381
org.apache.commons.lang3.time$FastDateFormat#getTimeInstance(int,java.util.TimeZone,java.util.Locale):382
org.apache.commons.lang3.time$FastDateFormat#getTimeInstance(int,java.util.TimeZone,java.util.Locale):383
org.apache.commons.lang3.time$FastDateFormat#getTimeInstance(int,java.util.TimeZone,java.util.Locale):384
org.apache.commons.lang3.time$FastDateFormat#getTimeInstance(int,java.util.TimeZone,java.util.Locale):388
org.apache.commons.lang3.time$FastDateFormat#getTimeInstance(int,java.util.TimeZone,java.util.Locale):386
org.apache.commons.lang3.time$FastDateFormat#getTimeInstance(int,java.util.TimeZone,java.util.Locale):387
org.apache.commons.lang3.time$FastDateFormat#getTimeInstance(int,java.util.TimeZone,java.util.Locale):390
org.apache.commons.lang3.time$FastDateFormat#getDateTimeInstance(int,int):407
org.apache.commons.lang3.time$FastDateFormat#getDateTimeInstance(int,int,java.util.Locale):424
org.apache.commons.lang3.time$FastDateFormat#getDateTimeInstance(int,int,java.util.TimeZone):442
org.apache.commons.lang3.time$FastDateFormat#getDateTimeInstance(int,int,java.util.TimeZone,java.util.Locale):460
org.apache.commons.lang3.time$FastDateFormat#getDateTimeInstance(int,int,java.util.TimeZone,java.util.Locale):461
org.apache.commons.lang3.time$FastDateFormat#getDateTimeInstance(int,int,java.util.TimeZone,java.util.Locale):462
org.apache.commons.lang3.time$FastDateFormat#getDateTimeInstance(int,int,java.util.TimeZone,java.util.Locale):464
org.apache.commons.lang3.time$FastDateFormat#getDateTimeInstance(int,int,java.util.TimeZone,java.util.Locale):465
org.apache.commons.lang3.time$FastDateFormat#getDateTimeInstance(int,int,java.util.TimeZone,java.util.Locale):467
org.apache.commons.lang3.time$FastDateFormat#getDateTimeInstance(int,int,java.util.TimeZone,java.util.Locale):469
org.apache.commons.lang3.time$FastDateFormat#getDateTimeInstance(int,int,java.util.TimeZone,java.util.Locale):470
org.apache.commons.lang3.time$FastDateFormat#getDateTimeInstance(int,int,java.util.TimeZone,java.util.Locale):472
org.apache.commons.lang3.time$FastDateFormat#getDateTimeInstance(int,int,java.util.TimeZone,java.util.Locale):474
org.apache.commons.lang3.time$FastDateFormat#getDateTimeInstance(int,int,java.util.TimeZone,java.util.Locale):475
org.apache.commons.lang3.time$FastDateFormat#getDateTimeInstance(int,int,java.util.TimeZone,java.util.Locale):476
org.apache.commons.lang3.time$FastDateFormat#getDateTimeInstance(int,int,java.util.TimeZone,java.util.Locale):480
org.apache.commons.lang3.time$FastDateFormat#getDateTimeInstance(int,int,java.util.TimeZone,java.util.Locale):478
org.apache.commons.lang3.time$FastDateFormat#getDateTimeInstance(int,int,java.util.TimeZone,java.util.Locale):479
org.apache.commons.lang3.time$FastDateFormat#getDateTimeInstance(int,int,java.util.TimeZone,java.util.Locale):482
org.apache.commons.lang3.time$FastDateFormat#getTimeZoneDisplay(java.util.TimeZone,boolean,int,java.util.Locale):497
org.apache.commons.lang3.time$FastDateFormat#getTimeZoneDisplay(java.util.TimeZone,boolean,int,java.util.Locale):498
org.apache.commons.lang3.time$FastDateFormat#getTimeZoneDisplay(java.util.TimeZone,boolean,int,java.util.Locale):499
org.apache.commons.lang3.time$FastDateFormat#getTimeZoneDisplay(java.util.TimeZone,boolean,int,java.util.Locale):501
org.apache.commons.lang3.time$FastDateFormat#getTimeZoneDisplay(java.util.TimeZone,boolean,int,java.util.Locale):502
org.apache.commons.lang3.time$FastDateFormat#getTimeZoneDisplay(java.util.TimeZone,boolean,int,java.util.Locale):504
org.apache.commons.lang3.time$FastDateFormat#getDefaultPattern():513
org.apache.commons.lang3.time$FastDateFormat#getDefaultPattern():514
org.apache.commons.lang3.time$FastDateFormat#getDefaultPattern():516
org.apache.commons.lang3.time$FastDateFormat#init():558
org.apache.commons.lang3.time$FastDateFormat#init():559
org.apache.commons.lang3.time$FastDateFormat#init():561
org.apache.commons.lang3.time$FastDateFormat#init():562
org.apache.commons.lang3.time$FastDateFormat#init():563
org.apache.commons.lang3.time$FastDateFormat#init():566
org.apache.commons.lang3.time$FastDateFormat#init():567
org.apache.commons.lang3.time$FastDateFormat#parsePattern():578
org.apache.commons.lang3.time$FastDateFormat#parsePattern():579
org.apache.commons.lang3.time$FastDateFormat#parsePattern():581
org.apache.commons.lang3.time$FastDateFormat#parsePattern():582
org.apache.commons.lang3.time$FastDateFormat#parsePattern():583
org.apache.commons.lang3.time$FastDateFormat#parsePattern():584
org.apache.commons.lang3.time$FastDateFormat#parsePattern():585
org.apache.commons.lang3.time$FastDateFormat#parsePattern():586
org.apache.commons.lang3.time$FastDateFormat#parsePattern():588
org.apache.commons.lang3.time$FastDateFormat#parsePattern():589
org.apache.commons.lang3.time$FastDateFormat#parsePattern():591
org.apache.commons.lang3.time$FastDateFormat#parsePattern():592
org.apache.commons.lang3.time$FastDateFormat#parsePattern():593
org.apache.commons.lang3.time$FastDateFormat#parsePattern():594
org.apache.commons.lang3.time$FastDateFormat#parsePattern():596
org.apache.commons.lang3.time$FastDateFormat#parsePattern():597
org.apache.commons.lang3.time$FastDateFormat#parsePattern():598
org.apache.commons.lang3.time$FastDateFormat#parsePattern():602
org.apache.commons.lang3.time$FastDateFormat#parsePattern():604
org.apache.commons.lang3.time$FastDateFormat#parsePattern():606
org.apache.commons.lang3.time$FastDateFormat#parsePattern():607
org.apache.commons.lang3.time$FastDateFormat#parsePattern():609
org.apache.commons.lang3.time$FastDateFormat#parsePattern():610
org.apache.commons.lang3.time$FastDateFormat#parsePattern():612
org.apache.commons.lang3.time$FastDateFormat#parsePattern():614
org.apache.commons.lang3.time$FastDateFormat#parsePattern():616
org.apache.commons.lang3.time$FastDateFormat#parsePattern():617
org.apache.commons.lang3.time$FastDateFormat#parsePattern():618
org.apache.commons.lang3.time$FastDateFormat#parsePattern():619
org.apache.commons.lang3.time$FastDateFormat#parsePattern():620
org.apache.commons.lang3.time$FastDateFormat#parsePattern():621
org.apache.commons.lang3.time$FastDateFormat#parsePattern():623
org.apache.commons.lang3.time$FastDateFormat#parsePattern():625
org.apache.commons.lang3.time$FastDateFormat#parsePattern():627
org.apache.commons.lang3.time$FastDateFormat#parsePattern():628
org.apache.commons.lang3.time$FastDateFormat#parsePattern():630
org.apache.commons.lang3.time$FastDateFormat#parsePattern():631
org.apache.commons.lang3.time$FastDateFormat#parsePattern():633
org.apache.commons.lang3.time$FastDateFormat#parsePattern():634
org.apache.commons.lang3.time$FastDateFormat#parsePattern():636
org.apache.commons.lang3.time$FastDateFormat#parsePattern():637
org.apache.commons.lang3.time$FastDateFormat#parsePattern():639
org.apache.commons.lang3.time$FastDateFormat#parsePattern():640
org.apache.commons.lang3.time$FastDateFormat#parsePattern():642
org.apache.commons.lang3.time$FastDateFormat#parsePattern():643
org.apache.commons.lang3.time$FastDateFormat#parsePattern():645
org.apache.commons.lang3.time$FastDateFormat#parsePattern():646
org.apache.commons.lang3.time$FastDateFormat#parsePattern():648
org.apache.commons.lang3.time$FastDateFormat#parsePattern():649
org.apache.commons.lang3.time$FastDateFormat#parsePattern():651
org.apache.commons.lang3.time$FastDateFormat#parsePattern():652
org.apache.commons.lang3.time$FastDateFormat#parsePattern():654
org.apache.commons.lang3.time$FastDateFormat#parsePattern():655
org.apache.commons.lang3.time$FastDateFormat#parsePattern():657
org.apache.commons.lang3.time$FastDateFormat#parsePattern():658
org.apache.commons.lang3.time$FastDateFormat#parsePattern():660
org.apache.commons.lang3.time$FastDateFormat#parsePattern():661
org.apache.commons.lang3.time$FastDateFormat#parsePattern():663
org.apache.commons.lang3.time$FastDateFormat#parsePattern():664
org.apache.commons.lang3.time$FastDateFormat#parsePattern():666
org.apache.commons.lang3.time$FastDateFormat#parsePattern():667
org.apache.commons.lang3.time$FastDateFormat#parsePattern():669
org.apache.commons.lang3.time$FastDateFormat#parsePattern():670
org.apache.commons.lang3.time$FastDateFormat#parsePattern():672
org.apache.commons.lang3.time$FastDateFormat#parsePattern():674
org.apache.commons.lang3.time$FastDateFormat#parsePattern():676
org.apache.commons.lang3.time$FastDateFormat#parsePattern():677
org.apache.commons.lang3.time$FastDateFormat#parsePattern():679
org.apache.commons.lang3.time$FastDateFormat#parsePattern():681
org.apache.commons.lang3.time$FastDateFormat#parsePattern():683
org.apache.commons.lang3.time$FastDateFormat#parsePattern():684
org.apache.commons.lang3.time$FastDateFormat#parsePattern():685
org.apache.commons.lang3.time$FastDateFormat#parsePattern():687
org.apache.commons.lang3.time$FastDateFormat#parsePattern():689
org.apache.commons.lang3.time$FastDateFormat#parsePattern():691
org.apache.commons.lang3.time$FastDateFormat#parsePattern():694
org.apache.commons.lang3.time$FastDateFormat#parsePattern():697
org.apache.commons.lang3.time$FastDateFormat#parseToken(java.lang.String,int[]):708
org.apache.commons.lang3.time$FastDateFormat#parseToken(java.lang.String,int[]):710
org.apache.commons.lang3.time$FastDateFormat#parseToken(java.lang.String,int[]):711
org.apache.commons.lang3.time$FastDateFormat#parseToken(java.lang.String,int[]):713
org.apache.commons.lang3.time$FastDateFormat#parseToken(java.lang.String,int[]):714
org.apache.commons.lang3.time$FastDateFormat#parseToken(java.lang.String,int[]):717
org.apache.commons.lang3.time$FastDateFormat#parseToken(java.lang.String,int[]):719
org.apache.commons.lang3.time$FastDateFormat#parseToken(java.lang.String,int[]):720
org.apache.commons.lang3.time$FastDateFormat#parseToken(java.lang.String,int[]):721
org.apache.commons.lang3.time$FastDateFormat#parseToken(java.lang.String,int[]):722
org.apache.commons.lang3.time$FastDateFormat#parseToken(java.lang.String,int[]):723
org.apache.commons.lang3.time$FastDateFormat#parseToken(java.lang.String,int[]):727
org.apache.commons.lang3.time$FastDateFormat#parseToken(java.lang.String,int[]):730
org.apache.commons.lang3.time$FastDateFormat#parseToken(java.lang.String,int[]):732
org.apache.commons.lang3.time$FastDateFormat#parseToken(java.lang.String,int[]):734
org.apache.commons.lang3.time$FastDateFormat#parseToken(java.lang.String,int[]):735
org.apache.commons.lang3.time$FastDateFormat#parseToken(java.lang.String,int[]):737
org.apache.commons.lang3.time$FastDateFormat#parseToken(java.lang.String,int[]):738
org.apache.commons.lang3.time$FastDateFormat#parseToken(java.lang.String,int[]):740
org.apache.commons.lang3.time$FastDateFormat#parseToken(java.lang.String,int[]):741
org.apache.commons.lang3.time$FastDateFormat#parseToken(java.lang.String,int[]):743
org.apache.commons.lang3.time$FastDateFormat#parseToken(java.lang.String,int[]):745
org.apache.commons.lang3.time$FastDateFormat#parseToken(java.lang.String,int[]):747
org.apache.commons.lang3.time$FastDateFormat#parseToken(java.lang.String,int[]):748
org.apache.commons.lang3.time$FastDateFormat#parseToken(java.lang.String,int[]):750
org.apache.commons.lang3.time$FastDateFormat#parseToken(java.lang.String,int[]):755
org.apache.commons.lang3.time$FastDateFormat#parseToken(java.lang.String,int[]):756
org.apache.commons.lang3.time$FastDateFormat#selectNumberRule(int,int):767
org.apache.commons.lang3.time$FastDateFormat#selectNumberRule(int,int):769
org.apache.commons.lang3.time$FastDateFormat#selectNumberRule(int,int):771
org.apache.commons.lang3.time$FastDateFormat#selectNumberRule(int,int):773
org.apache.commons.lang3.time$FastDateFormat#format(java.lang.Object,java.lang.StringBuffer,java.text.FieldPosition):790
org.apache.commons.lang3.time$FastDateFormat#format(java.lang.Object,java.lang.StringBuffer,java.text.FieldPosition):791
org.apache.commons.lang3.time$FastDateFormat#format(java.lang.Object,java.lang.StringBuffer,java.text.FieldPosition):792
org.apache.commons.lang3.time$FastDateFormat#format(java.lang.Object,java.lang.StringBuffer,java.text.FieldPosition):793
org.apache.commons.lang3.time$FastDateFormat#format(java.lang.Object,java.lang.StringBuffer,java.text.FieldPosition):794
org.apache.commons.lang3.time$FastDateFormat#format(java.lang.Object,java.lang.StringBuffer,java.text.FieldPosition):795
org.apache.commons.lang3.time$FastDateFormat#format(java.lang.Object,java.lang.StringBuffer,java.text.FieldPosition):797
org.apache.commons.lang3.time$FastDateFormat#format(java.lang.Object,java.lang.StringBuffer,java.text.FieldPosition):798
org.apache.commons.lang3.time$FastDateFormat#format(long):810
org.apache.commons.lang3.time$FastDateFormat#format(java.util.Date):820
org.apache.commons.lang3.time$FastDateFormat#format(java.util.Date):821
org.apache.commons.lang3.time$FastDateFormat#format(java.util.Date):822
org.apache.commons.lang3.time$FastDateFormat#format(java.util.Calendar):832
org.apache.commons.lang3.time$FastDateFormat#format(long,java.lang.StringBuffer):845
org.apache.commons.lang3.time$FastDateFormat#format(java.util.Date,java.lang.StringBuffer):857
org.apache.commons.lang3.time$FastDateFormat#format(java.util.Date,java.lang.StringBuffer):858
org.apache.commons.lang3.time$FastDateFormat#format(java.util.Date,java.lang.StringBuffer):859
org.apache.commons.lang3.time$FastDateFormat#format(java.util.Calendar,java.lang.StringBuffer):871
org.apache.commons.lang3.time$FastDateFormat#format(java.util.Calendar,java.lang.StringBuffer):872
org.apache.commons.lang3.time$FastDateFormat#format(java.util.Calendar,java.lang.StringBuffer):873
org.apache.commons.lang3.time$FastDateFormat#format(java.util.Calendar,java.lang.StringBuffer):875
org.apache.commons.lang3.time$FastDateFormat#applyRules(java.util.Calendar,java.lang.StringBuffer):887
org.apache.commons.lang3.time$FastDateFormat#applyRules(java.util.Calendar,java.lang.StringBuffer):888
org.apache.commons.lang3.time$FastDateFormat#applyRules(java.util.Calendar,java.lang.StringBuffer):889
org.apache.commons.lang3.time$FastDateFormat#applyRules(java.util.Calendar,java.lang.StringBuffer):890
org.apache.commons.lang3.time$FastDateFormat#applyRules(java.util.Calendar,java.lang.StringBuffer):892
org.apache.commons.lang3.time$FastDateFormat#parseObject(java.lang.String,java.text.ParsePosition):906
org.apache.commons.lang3.time$FastDateFormat#parseObject(java.lang.String,java.text.ParsePosition):907
org.apache.commons.lang3.time$FastDateFormat#parseObject(java.lang.String,java.text.ParsePosition):908
org.apache.commons.lang3.time$FastDateFormat#getPattern():919
org.apache.commons.lang3.time$FastDateFormat#getTimeZone():933
org.apache.commons.lang3.time$FastDateFormat#getTimeZoneOverridesCalendar():944
org.apache.commons.lang3.time$FastDateFormat#getLocale():953
org.apache.commons.lang3.time$FastDateFormat#getMaxLengthEstimate():966
org.apache.commons.lang3.time$FastDateFormat#equals(java.lang.Object):979
org.apache.commons.lang3.time$FastDateFormat#equals(java.lang.Object):980
org.apache.commons.lang3.time$FastDateFormat#equals(java.lang.Object):982
org.apache.commons.lang3.time$FastDateFormat#equals(java.lang.Object):983
org.apache.commons.lang3.time$FastDateFormat#equals(java.lang.Object):984
org.apache.commons.lang3.time$FastDateFormat#equals(java.lang.Object):985
org.apache.commons.lang3.time$FastDateFormat#equals(java.lang.Object):986
org.apache.commons.lang3.time$FastDateFormat#equals(java.lang.Object):990
org.apache.commons.lang3.time$FastDateFormat#equals(java.lang.Object):992
org.apache.commons.lang3.time$FastDateFormat#hashCode():1002
org.apache.commons.lang3.time$FastDateFormat#hashCode():1003
org.apache.commons.lang3.time$FastDateFormat#hashCode():1004
org.apache.commons.lang3.time$FastDateFormat#hashCode():1005
org.apache.commons.lang3.time$FastDateFormat#hashCode():1006
org.apache.commons.lang3.time$FastDateFormat#hashCode():1007
org.apache.commons.lang3.time$FastDateFormat#hashCode():1008
org.apache.commons.lang3.time$FastDateFormat#toString():1018
org.apache.commons.lang3.time$FastDateFormat#readObject(java.io.ObjectInputStream):1032
org.apache.commons.lang3.time$FastDateFormat#readObject(java.io.ObjectInputStream):1033
org.apache.commons.lang3.time$FastDateFormat#readObject(java.io.ObjectInputStream):1034
org.apache.commons.lang3.time$FastDateFormat$PaddedNumberField#FastDateFormat$PaddedNumberField(int,int):1272
org.apache.commons.lang3.time$FastDateFormat$PaddedNumberField#FastDateFormat$PaddedNumberField(int,int):1273
org.apache.commons.lang3.time$FastDateFormat$PaddedNumberField#FastDateFormat$PaddedNumberField(int,int):1275
org.apache.commons.lang3.time$FastDateFormat$PaddedNumberField#FastDateFormat$PaddedNumberField(int,int):1277
org.apache.commons.lang3.time$FastDateFormat$PaddedNumberField#FastDateFormat$PaddedNumberField(int,int):1278
org.apache.commons.lang3.time$FastDateFormat$PaddedNumberField#FastDateFormat$PaddedNumberField(int,int):1279
org.apache.commons.lang3.time$FastDateFormat$PaddedNumberField#estimateLength():1285
org.apache.commons.lang3.time$FastDateFormat$PaddedNumberField#appendTo(java.lang.StringBuffer,java.util.Calendar):1292
org.apache.commons.lang3.time$FastDateFormat$PaddedNumberField#appendTo(java.lang.StringBuffer,java.util.Calendar):1293
org.apache.commons.lang3.time$FastDateFormat$PaddedNumberField#appendTo(java.lang.StringBuffer,int):1299
org.apache.commons.lang3.time$FastDateFormat$PaddedNumberField#appendTo(java.lang.StringBuffer,int):1300
org.apache.commons.lang3.time$FastDateFormat$PaddedNumberField#appendTo(java.lang.StringBuffer,int):1301
org.apache.commons.lang3.time$FastDateFormat$PaddedNumberField#appendTo(java.lang.StringBuffer,int):1303
org.apache.commons.lang3.time$FastDateFormat$PaddedNumberField#appendTo(java.lang.StringBuffer,int):1304
org.apache.commons.lang3.time$FastDateFormat$PaddedNumberField#appendTo(java.lang.StringBuffer,int):1307
org.apache.commons.lang3.time$FastDateFormat$PaddedNumberField#appendTo(java.lang.StringBuffer,int):1308
org.apache.commons.lang3.time$FastDateFormat$PaddedNumberField#appendTo(java.lang.StringBuffer,int):1310
org.apache.commons.lang3.time$FastDateFormat$PaddedNumberField#appendTo(java.lang.StringBuffer,int):1311
org.apache.commons.lang3.time$FastDateFormat$PaddedNumberField#appendTo(java.lang.StringBuffer,int):1313
org.apache.commons.lang3.time$FastDateFormat$PaddedNumberField#appendTo(java.lang.StringBuffer,int):1314
org.apache.commons.lang3.time$FastDateFormat$PaddedNumberField#appendTo(java.lang.StringBuffer,int):1316
org.apache.commons.lang3.time$FastDateFormat$PaddedNumberField#appendTo(java.lang.StringBuffer,int):1318
org.apache.commons.lang3.time$FastDateFormat$CharacterLiteral#FastDateFormat$CharacterLiteral(char):1083
org.apache.commons.lang3.time$FastDateFormat$CharacterLiteral#FastDateFormat$CharacterLiteral(char):1084
org.apache.commons.lang3.time$FastDateFormat$CharacterLiteral#FastDateFormat$CharacterLiteral(char):1085
org.apache.commons.lang3.time$FastDateFormat$CharacterLiteral#estimateLength():1091
org.apache.commons.lang3.time$FastDateFormat$CharacterLiteral#appendTo(java.lang.StringBuffer,java.util.Calendar):1098
org.apache.commons.lang3.time$FastDateFormat$CharacterLiteral#appendTo(java.lang.StringBuffer,java.util.Calendar):1099
org.apache.commons.lang3.time$FastDateFormat$TwoDigitMonthField#FastDateFormat$TwoDigitMonthField():1409
org.apache.commons.lang3.time$FastDateFormat$TwoDigitMonthField#FastDateFormat$TwoDigitMonthField():1410
org.apache.commons.lang3.time$FastDateFormat$TwoDigitMonthField#<clinit>():1403
org.apache.commons.lang3.time$FastDateFormat$TwoDigitMonthField#estimateLength():1416
org.apache.commons.lang3.time$FastDateFormat$TwoDigitMonthField#appendTo(java.lang.StringBuffer,java.util.Calendar):1423
org.apache.commons.lang3.time$FastDateFormat$TwoDigitMonthField#appendTo(java.lang.StringBuffer,java.util.Calendar):1424
org.apache.commons.lang3.time$FastDateFormat$TwoDigitMonthField#appendTo(java.lang.StringBuffer,int):1430
org.apache.commons.lang3.time$FastDateFormat$TwoDigitMonthField#appendTo(java.lang.StringBuffer,int):1431
org.apache.commons.lang3.time$FastDateFormat$TwoDigitMonthField#appendTo(java.lang.StringBuffer,int):1432
org.apache.commons.lang3.time$FastDateFormat$TwoDigitNumberField#FastDateFormat$TwoDigitNumberField(int):1332
org.apache.commons.lang3.time$FastDateFormat$TwoDigitNumberField#FastDateFormat$TwoDigitNumberField(int):1333
org.apache.commons.lang3.time$FastDateFormat$TwoDigitNumberField#FastDateFormat$TwoDigitNumberField(int):1334
org.apache.commons.lang3.time$FastDateFormat$TwoDigitNumberField#estimateLength():1340
org.apache.commons.lang3.time$FastDateFormat$TwoDigitNumberField#appendTo(java.lang.StringBuffer,java.util.Calendar):1347
org.apache.commons.lang3.time$FastDateFormat$TwoDigitNumberField#appendTo(java.lang.StringBuffer,java.util.Calendar):1348
org.apache.commons.lang3.time$FastDateFormat$TwoDigitNumberField#appendTo(java.lang.StringBuffer,int):1354
org.apache.commons.lang3.time$FastDateFormat$TwoDigitNumberField#appendTo(java.lang.StringBuffer,int):1355
org.apache.commons.lang3.time$FastDateFormat$TwoDigitNumberField#appendTo(java.lang.StringBuffer,int):1356
org.apache.commons.lang3.time$FastDateFormat$TwoDigitNumberField#appendTo(java.lang.StringBuffer,int):1358
org.apache.commons.lang3.time$FastDateFormat$TwoDigitNumberField#appendTo(java.lang.StringBuffer,int):1360
org.apache.commons.lang3.time$FastDateFormat$TimeZoneNumberRule#FastDateFormat$TimeZoneNumberRule(boolean):1602
org.apache.commons.lang3.time$FastDateFormat$TimeZoneNumberRule#FastDateFormat$TimeZoneNumberRule(boolean):1603
org.apache.commons.lang3.time$FastDateFormat$TimeZoneNumberRule#FastDateFormat$TimeZoneNumberRule(boolean):1604
org.apache.commons.lang3.time$FastDateFormat$TimeZoneNumberRule#<clinit>():1592
org.apache.commons.lang3.time$FastDateFormat$TimeZoneNumberRule#<clinit>():1593
org.apache.commons.lang3.time$FastDateFormat$TimeZoneNumberRule#estimateLength():1610
org.apache.commons.lang3.time$FastDateFormat$TimeZoneNumberRule#appendTo(java.lang.StringBuffer,java.util.Calendar):1617
org.apache.commons.lang3.time$FastDateFormat$TimeZoneNumberRule#appendTo(java.lang.StringBuffer,java.util.Calendar):1619
org.apache.commons.lang3.time$FastDateFormat$TimeZoneNumberRule#appendTo(java.lang.StringBuffer,java.util.Calendar):1620
org.apache.commons.lang3.time$FastDateFormat$TimeZoneNumberRule#appendTo(java.lang.StringBuffer,java.util.Calendar):1621
org.apache.commons.lang3.time$FastDateFormat$TimeZoneNumberRule#appendTo(java.lang.StringBuffer,java.util.Calendar):1623
org.apache.commons.lang3.time$FastDateFormat$TimeZoneNumberRule#appendTo(java.lang.StringBuffer,java.util.Calendar):1626
org.apache.commons.lang3.time$FastDateFormat$TimeZoneNumberRule#appendTo(java.lang.StringBuffer,java.util.Calendar):1627
org.apache.commons.lang3.time$FastDateFormat$TimeZoneNumberRule#appendTo(java.lang.StringBuffer,java.util.Calendar):1628
org.apache.commons.lang3.time$FastDateFormat$TimeZoneNumberRule#appendTo(java.lang.StringBuffer,java.util.Calendar):1630
org.apache.commons.lang3.time$FastDateFormat$TimeZoneNumberRule#appendTo(java.lang.StringBuffer,java.util.Calendar):1631
org.apache.commons.lang3.time$FastDateFormat$TimeZoneNumberRule#appendTo(java.lang.StringBuffer,java.util.Calendar):1634
org.apache.commons.lang3.time$FastDateFormat$TimeZoneNumberRule#appendTo(java.lang.StringBuffer,java.util.Calendar):1635
org.apache.commons.lang3.time$FastDateFormat$TimeZoneNumberRule#appendTo(java.lang.StringBuffer,java.util.Calendar):1636
org.apache.commons.lang3.time$FastDateFormat$TimeZoneNumberRule#appendTo(java.lang.StringBuffer,java.util.Calendar):1637
org.apache.commons.lang3.time$FastDateFormat$TextField#FastDateFormat$TextField(int,java.lang.String[]):1147
org.apache.commons.lang3.time$FastDateFormat$TextField#FastDateFormat$TextField(int,java.lang.String[]):1148
org.apache.commons.lang3.time$FastDateFormat$TextField#FastDateFormat$TextField(int,java.lang.String[]):1149
org.apache.commons.lang3.time$FastDateFormat$TextField#FastDateFormat$TextField(int,java.lang.String[]):1150
org.apache.commons.lang3.time$FastDateFormat$TextField#estimateLength():1156
org.apache.commons.lang3.time$FastDateFormat$TextField#estimateLength():1157
org.apache.commons.lang3.time$FastDateFormat$TextField#estimateLength():1158
org.apache.commons.lang3.time$FastDateFormat$TextField#estimateLength():1159
org.apache.commons.lang3.time$FastDateFormat$TextField#estimateLength():1160
org.apache.commons.lang3.time$FastDateFormat$TextField#estimateLength():1162
org.apache.commons.lang3.time$FastDateFormat$TextField#estimateLength():1163
org.apache.commons.lang3.time$FastDateFormat$TextField#appendTo(java.lang.StringBuffer,java.util.Calendar):1170
org.apache.commons.lang3.time$FastDateFormat$TextField#appendTo(java.lang.StringBuffer,java.util.Calendar):1171
org.apache.commons.lang3.time$FastDateFormat$StringLiteral#FastDateFormat$StringLiteral(java.lang.String):1114
org.apache.commons.lang3.time$FastDateFormat$StringLiteral#FastDateFormat$StringLiteral(java.lang.String):1115
org.apache.commons.lang3.time$FastDateFormat$StringLiteral#FastDateFormat$StringLiteral(java.lang.String):1116
org.apache.commons.lang3.time$FastDateFormat$StringLiteral#estimateLength():1122
org.apache.commons.lang3.time$FastDateFormat$StringLiteral#appendTo(java.lang.StringBuffer,java.util.Calendar):1129
org.apache.commons.lang3.time$FastDateFormat$StringLiteral#appendTo(java.lang.StringBuffer,java.util.Calendar):1130
org.apache.commons.lang3$Validate#Validate():68
org.apache.commons.lang3$Validate#Validate():69
org.apache.commons.lang3$Validate#isTrue(boolean,java.lang.String,java.lang.Object):95
org.apache.commons.lang3$Validate#isTrue(boolean,java.lang.String,java.lang.Object):96
org.apache.commons.lang3$Validate#isTrue(boolean,java.lang.String,java.lang.Object):98
org.apache.commons.lang3$Validate#isTrue(boolean,java.lang.String,long):121
org.apache.commons.lang3$Validate#isTrue(boolean,java.lang.String,long):122
org.apache.commons.lang3$Validate#isTrue(boolean,java.lang.String,long):124
org.apache.commons.lang3$Validate#isTrue(boolean,java.lang.String,double):147
org.apache.commons.lang3$Validate#isTrue(boolean,java.lang.String,double):148
org.apache.commons.lang3$Validate#isTrue(boolean,java.lang.String,double):150
org.apache.commons.lang3$Validate#isTrue(boolean,java.lang.String,java.lang.Object[]):175
org.apache.commons.lang3$Validate#isTrue(boolean,java.lang.String,java.lang.Object[]):176
org.apache.commons.lang3$Validate#isTrue(boolean,java.lang.String,java.lang.Object[]):178
org.apache.commons.lang3$Validate#isTrue(boolean):201
org.apache.commons.lang3$Validate#isTrue(boolean):202
org.apache.commons.lang3$Validate#isTrue(boolean):204
org.apache.commons.lang3$Validate#notNull(java.lang.Object):225
org.apache.commons.lang3$Validate#notNull(java.lang.Object,java.lang.String,java.lang.Object[]):243
org.apache.commons.lang3$Validate#notNull(java.lang.Object,java.lang.String,java.lang.Object[]):244
org.apache.commons.lang3$Validate#notNull(java.lang.Object,java.lang.String,java.lang.Object[]):246
org.apache.commons.lang3$Validate#notEmpty(java.lang.Object[],java.lang.String,java.lang.Object[]):268
org.apache.commons.lang3$Validate#notEmpty(java.lang.Object[],java.lang.String,java.lang.Object[]):269
org.apache.commons.lang3$Validate#notEmpty(java.lang.Object[],java.lang.String,java.lang.Object[]):271
org.apache.commons.lang3$Validate#notEmpty(java.lang.Object[],java.lang.String,java.lang.Object[]):272
org.apache.commons.lang3$Validate#notEmpty(java.lang.Object[],java.lang.String,java.lang.Object[]):274
org.apache.commons.lang3$Validate#notEmpty(java.lang.Object[]):294
org.apache.commons.lang3$Validate#notEmpty(java.util.Collection,java.lang.String,java.lang.Object[]):316
org.apache.commons.lang3$Validate#notEmpty(java.util.Collection,java.lang.String,java.lang.Object[]):317
org.apache.commons.lang3$Validate#notEmpty(java.util.Collection,java.lang.String,java.lang.Object[]):319
org.apache.commons.lang3$Validate#notEmpty(java.util.Collection,java.lang.String,java.lang.Object[]):320
org.apache.commons.lang3$Validate#notEmpty(java.util.Collection,java.lang.String,java.lang.Object[]):322
org.apache.commons.lang3$Validate#notEmpty(java.util.Collection):342
org.apache.commons.lang3$Validate#notEmpty(java.util.Map,java.lang.String,java.lang.Object[]):364
org.apache.commons.lang3$Validate#notEmpty(java.util.Map,java.lang.String,java.lang.Object[]):365
org.apache.commons.lang3$Validate#notEmpty(java.util.Map,java.lang.String,java.lang.Object[]):367
org.apache.commons.lang3$Validate#notEmpty(java.util.Map,java.lang.String,java.lang.Object[]):368
org.apache.commons.lang3$Validate#notEmpty(java.util.Map,java.lang.String,java.lang.Object[]):370
org.apache.commons.lang3$Validate#notEmpty(java.util.Map):390
org.apache.commons.lang3$Validate#notEmpty(java.lang.CharSequence,java.lang.String,java.lang.Object[]):412
org.apache.commons.lang3$Validate#notEmpty(java.lang.CharSequence,java.lang.String,java.lang.Object[]):413
org.apache.commons.lang3$Validate#notEmpty(java.lang.CharSequence,java.lang.String,java.lang.Object[]):415
org.apache.commons.lang3$Validate#notEmpty(java.lang.CharSequence,java.lang.String,java.lang.Object[]):416
org.apache.commons.lang3$Validate#notEmpty(java.lang.CharSequence,java.lang.String,java.lang.Object[]):418
org.apache.commons.lang3$Validate#notEmpty(java.lang.CharSequence):439
org.apache.commons.lang3$Validate#notBlank(java.lang.CharSequence,java.lang.String,java.lang.Object[]):462
org.apache.commons.lang3$Validate#notBlank(java.lang.CharSequence,java.lang.String,java.lang.Object[]):463
org.apache.commons.lang3$Validate#notBlank(java.lang.CharSequence,java.lang.String,java.lang.Object[]):465
org.apache.commons.lang3$Validate#notBlank(java.lang.CharSequence,java.lang.String,java.lang.Object[]):466
org.apache.commons.lang3$Validate#notBlank(java.lang.CharSequence,java.lang.String,java.lang.Object[]):468
org.apache.commons.lang3$Validate#notBlank(java.lang.CharSequence):489
org.apache.commons.lang3$Validate#noNullElements(java.lang.Object[],java.lang.String,java.lang.Object[]):517
org.apache.commons.lang3$Validate#noNullElements(java.lang.Object[],java.lang.String,java.lang.Object[]):518
org.apache.commons.lang3$Validate#noNullElements(java.lang.Object[],java.lang.String,java.lang.Object[]):519
org.apache.commons.lang3$Validate#noNullElements(java.lang.Object[],java.lang.String,java.lang.Object[]):520
org.apache.commons.lang3$Validate#noNullElements(java.lang.Object[],java.lang.String,java.lang.Object[]):521
org.apache.commons.lang3$Validate#noNullElements(java.lang.Object[],java.lang.String,java.lang.Object[]):524
org.apache.commons.lang3$Validate#noNullElements(java.lang.Object[]):549
org.apache.commons.lang3$Validate#noNullElements(java.lang.Iterable,java.lang.String,java.lang.Object[]):577
org.apache.commons.lang3$Validate#noNullElements(java.lang.Iterable,java.lang.String,java.lang.Object[]):578
org.apache.commons.lang3$Validate#noNullElements(java.lang.Iterable,java.lang.String,java.lang.Object[]):579
org.apache.commons.lang3$Validate#noNullElements(java.lang.Iterable,java.lang.String,java.lang.Object[]):580
org.apache.commons.lang3$Validate#noNullElements(java.lang.Iterable,java.lang.String,java.lang.Object[]):581
org.apache.commons.lang3$Validate#noNullElements(java.lang.Iterable,java.lang.String,java.lang.Object[]):582
org.apache.commons.lang3$Validate#noNullElements(java.lang.Iterable,java.lang.String,java.lang.Object[]):585
org.apache.commons.lang3$Validate#noNullElements(java.lang.Iterable):610
org.apache.commons.lang3$Validate#validIndex(java.lang.Object[],int,java.lang.String,java.lang.Object[]):635
org.apache.commons.lang3$Validate#validIndex(java.lang.Object[],int,java.lang.String,java.lang.Object[]):636
org.apache.commons.lang3$Validate#validIndex(java.lang.Object[],int,java.lang.String,java.lang.Object[]):637
org.apache.commons.lang3$Validate#validIndex(java.lang.Object[],int,java.lang.String,java.lang.Object[]):639
org.apache.commons.lang3$Validate#validIndex(java.lang.Object[],int):664
org.apache.commons.lang3$Validate#validIndex(java.util.Collection,int,java.lang.String,java.lang.Object[]):689
org.apache.commons.lang3$Validate#validIndex(java.util.Collection,int,java.lang.String,java.lang.Object[]):690
org.apache.commons.lang3$Validate#validIndex(java.util.Collection,int,java.lang.String,java.lang.Object[]):691
org.apache.commons.lang3$Validate#validIndex(java.util.Collection,int,java.lang.String,java.lang.Object[]):693
org.apache.commons.lang3$Validate#validIndex(java.util.Collection,int):715
org.apache.commons.lang3$Validate#validIndex(java.lang.CharSequence,int,java.lang.String,java.lang.Object[]):741
org.apache.commons.lang3$Validate#validIndex(java.lang.CharSequence,int,java.lang.String,java.lang.Object[]):742
org.apache.commons.lang3$Validate#validIndex(java.lang.CharSequence,int,java.lang.String,java.lang.Object[]):743
org.apache.commons.lang3$Validate#validIndex(java.lang.CharSequence,int,java.lang.String,java.lang.Object[]):745
org.apache.commons.lang3$Validate#validIndex(java.lang.CharSequence,int):771
org.apache.commons.lang3.time$FastDateFormat$UnpaddedMonthField#FastDateFormat$UnpaddedMonthField():1229
org.apache.commons.lang3.time$FastDateFormat$UnpaddedMonthField#FastDateFormat$UnpaddedMonthField():1230
org.apache.commons.lang3.time$FastDateFormat$UnpaddedMonthField#<clinit>():1222
org.apache.commons.lang3.time$FastDateFormat$UnpaddedMonthField#estimateLength():1236
org.apache.commons.lang3.time$FastDateFormat$UnpaddedMonthField#appendTo(java.lang.StringBuffer,java.util.Calendar):1243
org.apache.commons.lang3.time$FastDateFormat$UnpaddedMonthField#appendTo(java.lang.StringBuffer,java.util.Calendar):1244
org.apache.commons.lang3.time$FastDateFormat$UnpaddedMonthField#appendTo(java.lang.StringBuffer,int):1250
org.apache.commons.lang3.time$FastDateFormat$UnpaddedMonthField#appendTo(java.lang.StringBuffer,int):1251
org.apache.commons.lang3.time$FastDateFormat$UnpaddedMonthField#appendTo(java.lang.StringBuffer,int):1253
org.apache.commons.lang3.time$FastDateFormat$UnpaddedMonthField#appendTo(java.lang.StringBuffer,int):1254
org.apache.commons.lang3.time$FastDateFormat$UnpaddedMonthField#appendTo(java.lang.StringBuffer,int):1256
org.apache.commons.lang3.time$FastDateFormat$UnpaddedNumberField#FastDateFormat$UnpaddedNumberField(int):1185
org.apache.commons.lang3.time$FastDateFormat$UnpaddedNumberField#FastDateFormat$UnpaddedNumberField(int):1186
org.apache.commons.lang3.time$FastDateFormat$UnpaddedNumberField#FastDateFormat$UnpaddedNumberField(int):1187
org.apache.commons.lang3.time$FastDateFormat$UnpaddedNumberField#estimateLength():1193
org.apache.commons.lang3.time$FastDateFormat$UnpaddedNumberField#appendTo(java.lang.StringBuffer,java.util.Calendar):1200
org.apache.commons.lang3.time$FastDateFormat$UnpaddedNumberField#appendTo(java.lang.StringBuffer,java.util.Calendar):1201
org.apache.commons.lang3.time$FastDateFormat$UnpaddedNumberField#appendTo(java.lang.StringBuffer,int):1207
org.apache.commons.lang3.time$FastDateFormat$UnpaddedNumberField#appendTo(java.lang.StringBuffer,int):1208
org.apache.commons.lang3.time$FastDateFormat$UnpaddedNumberField#appendTo(java.lang.StringBuffer,int):1209
org.apache.commons.lang3.time$FastDateFormat$UnpaddedNumberField#appendTo(java.lang.StringBuffer,int):1210
org.apache.commons.lang3.time$FastDateFormat$UnpaddedNumberField#appendTo(java.lang.StringBuffer,int):1211
org.apache.commons.lang3.time$FastDateFormat$UnpaddedNumberField#appendTo(java.lang.StringBuffer,int):1213
org.apache.commons.lang3.time$FastDateFormat$UnpaddedNumberField#appendTo(java.lang.StringBuffer,int):1215
org.apache.commons.lang3.time$FastDateFormat$Pair#FastDateFormat$Pair(java.lang.Object,java.lang.Object):1710
org.apache.commons.lang3.time$FastDateFormat$Pair#FastDateFormat$Pair(java.lang.Object,java.lang.Object):1711
org.apache.commons.lang3.time$FastDateFormat$Pair#FastDateFormat$Pair(java.lang.Object,java.lang.Object):1712
org.apache.commons.lang3.time$FastDateFormat$Pair#FastDateFormat$Pair(java.lang.Object,java.lang.Object):1713
org.apache.commons.lang3.time$FastDateFormat$Pair#equals(java.lang.Object):1720
org.apache.commons.lang3.time$FastDateFormat$Pair#equals(java.lang.Object):1721
org.apache.commons.lang3.time$FastDateFormat$Pair#equals(java.lang.Object):1724
org.apache.commons.lang3.time$FastDateFormat$Pair#equals(java.lang.Object):1725
org.apache.commons.lang3.time$FastDateFormat$Pair#equals(java.lang.Object):1728
org.apache.commons.lang3.time$FastDateFormat$Pair#equals(java.lang.Object):1730
org.apache.commons.lang3.time$FastDateFormat$Pair#equals(java.lang.Object):1732
org.apache.commons.lang3.time$FastDateFormat$Pair#equals(java.lang.Object):1734
org.apache.commons.lang3.time$FastDateFormat$Pair#hashCode():1743
org.apache.commons.lang3.time$FastDateFormat$Pair#hashCode():1744
org.apache.commons.lang3.time$FastDateFormat$Pair#hashCode():1742
org.apache.commons.lang3.time$FastDateFormat$Pair#toString():1752
org.apache.commons.lang3.time$FastDateFormat$TwoDigitYearField#FastDateFormat$TwoDigitYearField():1373
org.apache.commons.lang3.time$FastDateFormat$TwoDigitYearField#FastDateFormat$TwoDigitYearField():1374
org.apache.commons.lang3.time$FastDateFormat$TwoDigitYearField#<clinit>():1367
org.apache.commons.lang3.time$FastDateFormat$TwoDigitYearField#estimateLength():1380
org.apache.commons.lang3.time$FastDateFormat$TwoDigitYearField#appendTo(java.lang.StringBuffer,java.util.Calendar):1387
org.apache.commons.lang3.time$FastDateFormat$TwoDigitYearField#appendTo(java.lang.StringBuffer,java.util.Calendar):1388
org.apache.commons.lang3.time$FastDateFormat$TwoDigitYearField#appendTo(java.lang.StringBuffer,int):1394
org.apache.commons.lang3.time$FastDateFormat$TwoDigitYearField#appendTo(java.lang.StringBuffer,int):1395
org.apache.commons.lang3.time$FastDateFormat$TwoDigitYearField#appendTo(java.lang.StringBuffer,int):1396
org.apache.commons.lang3.time$FastDateFormat$TimeZoneNameRule#FastDateFormat$TimeZoneNameRule(java.util.TimeZone,boolean,java.util.Locale,int):1538
org.apache.commons.lang3.time$FastDateFormat$TimeZoneNameRule#FastDateFormat$TimeZoneNameRule(java.util.TimeZone,boolean,java.util.Locale,int):1539
org.apache.commons.lang3.time$FastDateFormat$TimeZoneNameRule#FastDateFormat$TimeZoneNameRule(java.util.TimeZone,boolean,java.util.Locale,int):1540
org.apache.commons.lang3.time$FastDateFormat$TimeZoneNameRule#FastDateFormat$TimeZoneNameRule(java.util.TimeZone,boolean,java.util.Locale,int):1541
org.apache.commons.lang3.time$FastDateFormat$TimeZoneNameRule#FastDateFormat$TimeZoneNameRule(java.util.TimeZone,boolean,java.util.Locale,int):1542
org.apache.commons.lang3.time$FastDateFormat$TimeZoneNameRule#FastDateFormat$TimeZoneNameRule(java.util.TimeZone,boolean,java.util.Locale,int):1544
org.apache.commons.lang3.time$FastDateFormat$TimeZoneNameRule#FastDateFormat$TimeZoneNameRule(java.util.TimeZone,boolean,java.util.Locale,int):1545
org.apache.commons.lang3.time$FastDateFormat$TimeZoneNameRule#FastDateFormat$TimeZoneNameRule(java.util.TimeZone,boolean,java.util.Locale,int):1546
org.apache.commons.lang3.time$FastDateFormat$TimeZoneNameRule#FastDateFormat$TimeZoneNameRule(java.util.TimeZone,boolean,java.util.Locale,int):1548
org.apache.commons.lang3.time$FastDateFormat$TimeZoneNameRule#FastDateFormat$TimeZoneNameRule(java.util.TimeZone,boolean,java.util.Locale,int):1549
org.apache.commons.lang3.time$FastDateFormat$TimeZoneNameRule#FastDateFormat$TimeZoneNameRule(java.util.TimeZone,boolean,java.util.Locale,int):1551
org.apache.commons.lang3.time$FastDateFormat$TimeZoneNameRule#estimateLength():1557
org.apache.commons.lang3.time$FastDateFormat$TimeZoneNameRule#estimateLength():1558
org.apache.commons.lang3.time$FastDateFormat$TimeZoneNameRule#estimateLength():1559
org.apache.commons.lang3.time$FastDateFormat$TimeZoneNameRule#estimateLength():1560
org.apache.commons.lang3.time$FastDateFormat$TimeZoneNameRule#estimateLength():1562
org.apache.commons.lang3.time$FastDateFormat$TimeZoneNameRule#appendTo(java.lang.StringBuffer,java.util.Calendar):1570
org.apache.commons.lang3.time$FastDateFormat$TimeZoneNameRule#appendTo(java.lang.StringBuffer,java.util.Calendar):1571
org.apache.commons.lang3.time$FastDateFormat$TimeZoneNameRule#appendTo(java.lang.StringBuffer,java.util.Calendar):1572
org.apache.commons.lang3.time$FastDateFormat$TimeZoneNameRule#appendTo(java.lang.StringBuffer,java.util.Calendar):1574
org.apache.commons.lang3.time$FastDateFormat$TimeZoneNameRule#appendTo(java.lang.StringBuffer,java.util.Calendar):1577
org.apache.commons.lang3.time$FastDateFormat$TimeZoneNameRule#appendTo(java.lang.StringBuffer,java.util.Calendar):1578
org.apache.commons.lang3.time$FastDateFormat$TimeZoneNameRule#appendTo(java.lang.StringBuffer,java.util.Calendar):1579
org.apache.commons.lang3.time$FastDateFormat$TimeZoneNameRule#appendTo(java.lang.StringBuffer,java.util.Calendar):1581
org.apache.commons.lang3.time$FastDateFormat$TimeZoneNameRule#appendTo(java.lang.StringBuffer,java.util.Calendar):1584
org.apache.commons.lang3.time$FastDateFormat$TwelveHourField#FastDateFormat$TwelveHourField(org.apache.commons.lang3.time.FastDateFormat$NumberRule):1447
org.apache.commons.lang3.time$FastDateFormat$TwelveHourField#FastDateFormat$TwelveHourField(org.apache.commons.lang3.time.FastDateFormat$NumberRule):1448
org.apache.commons.lang3.time$FastDateFormat$TwelveHourField#FastDateFormat$TwelveHourField(org.apache.commons.lang3.time.FastDateFormat$NumberRule):1449
org.apache.commons.lang3.time$FastDateFormat$TwelveHourField#estimateLength():1455
org.apache.commons.lang3.time$FastDateFormat$TwelveHourField#appendTo(java.lang.StringBuffer,java.util.Calendar):1462
org.apache.commons.lang3.time$FastDateFormat$TwelveHourField#appendTo(java.lang.StringBuffer,java.util.Calendar):1463
org.apache.commons.lang3.time$FastDateFormat$TwelveHourField#appendTo(java.lang.StringBuffer,java.util.Calendar):1464
org.apache.commons.lang3.time$FastDateFormat$TwelveHourField#appendTo(java.lang.StringBuffer,java.util.Calendar):1466
org.apache.commons.lang3.time$FastDateFormat$TwelveHourField#appendTo(java.lang.StringBuffer,java.util.Calendar):1467
org.apache.commons.lang3.time$FastDateFormat$TwelveHourField#appendTo(java.lang.StringBuffer,int):1473
org.apache.commons.lang3.time$FastDateFormat$TwelveHourField#appendTo(java.lang.StringBuffer,int):1474
