black$Ok#__init__(value)
black$Ok#ok()
black$Err#__init__(e)
black$Err#err()
black$WriteBack#from_configuration()
black$TargetVersion#is_python2()
black$Mode#get_cache_key()
black##supports_feature(target_versions,feature)
black##find_pyproject_toml(path_search_start)
black##parse_pyproject_toml(path_config)
black##read_pyproject_toml(ctx,param,value)
black##target_version_option_callback(c,p,v)
black##main(ctx,code,line_length,target_version,check,diff,color,fast,pyi,py36,skip_string_normalization,quiet,verbose,include,exclude,src,config)
black##path_empty(src,quiet,verbose,ctx)
black##reformat_one(src,fast,write_back,mode,report)
black##reformat_many(sources,fast,write_back,mode,report)
black##schedule_formatting(sources,fast,write_back,mode,report,loop,executor)
black##format_file_in_place(src,fast,mode,write_back,lock)
black##color_diff(contents)
black##wrap_stream_for_windows(f)
black##format_stdin_to_stdout(fast)
black##format_file_contents(src_contents)
black##format_str(src_contents)
black##decode_bytes(src)
black##get_grammars(target_versions)
black##lib2to3_parse(src_txt,target_versions)
black##lib2to3_unparse(node)
black$Visitor#visit(node)
black$Visitor#visit_default(node)
black$DebugVisitor#visit_default(node)
black$DebugVisitor#show(code)
black$BracketTracker#mark(leaf)
black$BracketTracker#any_open_brackets()
black$BracketTracker#max_delimiter_priority(exclude)
black$BracketTracker#delimiter_count_with_priority(priority)
black$BracketTracker#maybe_increment_for_loop_variable(leaf)
black$BracketTracker#maybe_decrement_after_for_loop_variable(leaf)
black$BracketTracker#maybe_increment_lambda_arguments(leaf)
black$BracketTracker#maybe_decrement_after_lambda_arguments(leaf)
black$BracketTracker#get_open_lsqb()
black$Line#append(leaf,preformatted)
black$Line#append_safe(leaf,preformatted)
black$Line#is_comment()
black$Line#is_decorator()
black$Line#is_import()
black$Line#is_class()
black$Line#is_stub_class()
black$Line#is_collection_with_optional_trailing_comma()
black$Line#is_def()
black$Line#is_class_paren_empty()
black$Line#is_triple_quoted_string()
black$Line#contains_standalone_comments(depth_limit)
black$Line#contains_uncollapsable_type_comments()
black$Line#contains_unsplittable_type_ignore()
black$Line#contains_multiline_strings()
black$Line#maybe_remove_trailing_comma(closing)
black$Line#append_comment(comment)
black$Line#comments_after(leaf)
black$Line#remove_trailing_comma()
black$Line#is_complex_subscript(leaf)
black$Line#clone()
black$Line#__str__()
black$Line#__bool__()
black$EmptyLineTracker#maybe_empty_lines(current_line)
black$EmptyLineTracker#_maybe_empty_lines(current_line)
black$EmptyLineTracker#_maybe_empty_lines_for_class_or_def(current_line,before)
black$LineGenerator#line(indent)
black$LineGenerator#visit_default(node)
black$LineGenerator#visit_INDENT(node)
black$LineGenerator#visit_DEDENT(node)
black$LineGenerator#visit_stmt(node,keywords,parens)
black$LineGenerator#visit_suite(node)
black$LineGenerator#visit_simple_stmt(node)
black$LineGenerator#visit_async_stmt(node)
black$LineGenerator#visit_decorators(node)
black$LineGenerator#visit_SEMI(leaf)
black$LineGenerator#visit_ENDMARKER(leaf)
black$LineGenerator#visit_STANDALONE_COMMENT(leaf)
black$LineGenerator#visit_factor(node)
black$LineGenerator#visit_STRING(leaf)
black$LineGenerator#__post_init__()
black##whitespace(leaf)
black##preceding_leaf(node)
black##prev_siblings_are(node,tokens)
black##child_towards(ancestor,descendant)
black##container_of(leaf)
black##is_split_after_delimiter(leaf,previous)
black##is_split_before_delimiter(leaf,previous)
black##generate_comments(leaf)
black##list_comments(prefix)
black##make_comment(content)
black##transform_line(line,line_length,normalize_strings,features)
black##init_st(ST)
black##rhs(line,features)
black$StringTransformer#do_match(line)
black$StringTransformer#do_transform(line,string_idx)
black$StringTransformer#__call__(line,_features)
black$CustomSplitMapMixin#_get_key(string)
black$CustomSplitMapMixin#add_custom_splits(string,custom_splits)
black$CustomSplitMapMixin#pop_custom_splits(string)
black$CustomSplitMapMixin#has_custom_splits(string)
black$StringMerger#do_match(line)
black$StringMerger#do_transform(line,string_idx)
black$StringMerger#__remove_backslash_line_continuation_chars(line,string_idx)
black$StringMerger#__merge_string_group(line,string_idx)
black$StringMerger#make_naked(string,string_prefix)
black$StringMerger#__validate_msg(line,string_idx)
black$StringParenStripper#do_match(line)
black$StringParenStripper#do_transform(line,string_idx)
black$BaseStringSplitter#do_splitter_match(line)
black$BaseStringSplitter#do_match(line)
black$BaseStringSplitter#__validate(line,string_idx)
black$BaseStringSplitter#__get_max_string_length(line,string_idx)
black$StringSplitter#do_splitter_match(line)
black$StringSplitter#do_transform(line,string_idx)
black$StringSplitter#line_needs_plus()
black$StringSplitter#maybe_append_plus(new_line)
black$StringSplitter#max_last_string()
black$StringSplitter#more_splits_should_be_made()
black$StringSplitter#__get_break_idx(string,max_break_idx)
black$StringSplitter#fexpr_slices()
black$StringSplitter#breaks_fstring_expression(i)
black$StringSplitter#passes_all_checks(i)
black$StringSplitter#__maybe_normalize_string_quotes(leaf)
black$StringSplitter#__normalize_f_string(string,prefix)
black$StringParenWrapper#do_splitter_match(line)
black$StringParenWrapper#_return_match(LL)
black$StringParenWrapper#_else_match(LL)
black$StringParenWrapper#_assert_match(LL)
black$StringParenWrapper#_assign_match(LL)
black$StringParenWrapper#_dict_match(LL)
black$StringParenWrapper#do_transform(line,string_idx)
black$StringParser#__init__()
black$StringParser#parse(leaves,string_idx)
black$StringParser#_next_state(leaf)
black##TErr(err_msg)
black##contains_pragma_comment(comment_list)
black##insert_str_child_factory(string_leaf)
black##insert_str_child(child)
black##has_triple_quotes(string)
black##parent_type(node)
black##is_empty_par(leaf)
black##is_empty_lpar(leaf)
black##is_empty_rpar(leaf)
black##is_valid_index_factory(seq)
black##is_valid_index(idx)
black##line_to_string(line)
black##append_leaves(new_line,old_line,leaves)
black##replace_child(old_child,new_child)
black##get_string_prefix(string)
black##assert_is_leaf_string(string)
black##left_hand_split(line,_features)
black##right_hand_split(line,line_length,features,omit)
black##bracket_split_succeeded_or_raise(head,body,tail)
black##bracket_split_build_line(leaves,original,opening_bracket)
black##dont_increase_indentation(split_func)
black##split_wrapper(line,features)
black##delimiter_split(line,features)
black##append_to_line(leaf)
black##standalone_comment_split(line,features)
black##append_to_line(leaf)
black##is_import(leaf)
black##is_type_comment(leaf,suffix)
black##normalize_prefix(leaf)
black##normalize_string_prefix(leaf,remove_u_prefix)
black##normalize_string_quotes(leaf)
black##normalize_numeric_literal(leaf)
black##format_float_or_int_string(text)
black##normalize_invisible_parens(node,parens_after)
black##normalize_fmt_off(node)
black##convert_one_fmt_off_pair(node)
black##generate_ignored_nodes(leaf)
black##fmt_on(container)
black##contains_fmt_on_at_column(container,column)
black##first_leaf_column(node)
black##maybe_make_parens_invisible_in_atom(node,parent)
black##is_atom_with_invisible_parens(node)
black##is_empty_tuple(node)
black##unwrap_singleton_parenthesis(node)
black##wrap_in_parentheses(parent,child)
black##is_one_tuple(node)
black##is_walrus_assignment(node)
black##is_yield(node)
black##is_vararg(leaf,within)
black##is_multiline_string(leaf)
black##is_stub_suite(node)
black##is_stub_body(node)
black##max_delimiter_priority_in_atom(node)
black##ensure_visible(leaf)
black##should_explode(line,opening_bracket)
black##get_features_used(node)
black##detect_target_versions(node)
black##generate_trailers_to_omit(line,line_length)
black##get_future_imports(node)
black##get_imports_from_children(children)
black##get_gitignore(root)
black##gen_python_files_in_dir(path,root,include,exclude,report,gitignore)
black##find_project_root(srcs)
black$Report#done(src,changed)
black$Report#failed(src,message)
black$Report#path_ignored(path,message)
black$Report#return_code()
black$Report#__str__()
black##parse_ast(src)
black##_fixup_ast_constants(node)
black##_stringify_ast(node,depth)
black##assert_equivalent(src,dst)
black##assert_stable(src,dst,mode)
black##dump_to_file(*output)
black##nullcontext()
black##diff(a,b,a_name,b_name)
black##cancel(tasks)
black##shutdown(loop)
black##sub_twice(regex,replacement,original)
black##re_compile_maybe_verbose(regex)
black##enumerate_reversed(sequence)
black##enumerate_with_length(line,reversed)
black##is_line_short_enough(line)
black##can_be_split(line)
black##can_omit_invisible_parens(line,line_length)
black##get_cache_file(mode)
black##read_cache(mode)
black##get_cache_info(path)
black##filter_cached(cache,sources)
black##write_cache(cache,sources,mode)
black##patch_click()
black##patched_main()
black##fix_docstring(docstring,prefix)
